#logMs log_phi_original_neg_systematic log_phi_original log_phi_original_post_systematic log_phi_deconvolved
        7.33078        -4.24094        -4.27584        -4.31087        -4.34008
        7.37156        -4.19404         -4.2289        -4.26391         -4.2715
        7.41234        -4.13065        -4.16548        -4.20045         -4.1962
        7.45312        -4.05665        -4.09143        -4.12638        -4.11547
        7.49391        -3.97791        -4.01265        -4.04756        -4.03272
        7.53469        -3.90032        -3.93502        -3.96989         -3.9524
        7.57547        -3.82976        -3.86441        -3.89924        -3.87895
        7.61625        -3.77123        -3.80582        -3.84061        -3.81558
        7.65703        -3.72482        -3.75936         -3.7941        -3.76361
        7.69781        -3.68892        -3.72339        -3.75808        -3.72276
        7.73859        -3.66191        -3.69631        -3.73094          -3.692
        7.77938        -3.64217        -3.67649        -3.71106        -3.66985
        7.82016        -3.62808        -3.66232        -3.69681        -3.65452
        7.86094        -3.61802        -3.65217        -3.68659        -3.64418
        7.90172        -3.61047        -3.64453        -3.67886        -3.63738
         7.9425        -3.60464        -3.63859        -3.67284        -3.63292
        7.98328        -3.60009        -3.63393        -3.66809        -3.62979
        8.02406        -3.59639        -3.63012        -3.66417         -3.6273
        8.06484         -3.5931        -3.62671        -3.66066        -3.62498
        8.10563        -3.58978        -3.62327        -3.65712        -3.62234
        8.14641        -3.58601        -3.61937        -3.65311          -3.619
        8.18719        -3.58137         -3.6146        -3.64823        -3.61481
        8.22797        -3.57577        -3.60888        -3.64239        -3.60966
        8.26875        -3.56935        -3.60233        -3.63573        -3.60351
        8.30953        -3.56223        -3.59508        -3.62836         -3.5965
        8.35031        -3.55454        -3.58726        -3.62041        -3.58884
        8.39109         -3.5464        -3.57899        -3.61202         -3.5806
        8.43188        -3.53794         -3.5704        -3.60331        -3.57196
        8.47266        -3.52929        -3.56162         -3.5944        -3.56311
        8.51344        -3.52051         -3.5527        -3.58535        -3.55408
        8.55422        -3.51158        -3.54365        -3.57617        -3.54488
          8.595        -3.50252        -3.53446        -3.56685        -3.53558
        8.63578        -3.49332        -3.52514         -3.5574         -3.5262
        8.67656        -3.48397        -3.51568        -3.54782        -3.51666
        8.71734        -3.47447        -3.50609         -3.5381        -3.50698
        8.75813        -3.46483        -3.49636        -3.52825        -3.49723
        8.79891        -3.45504         -3.4865        -3.51828        -3.48735
        8.83969        -3.44515        -3.47655        -3.50822        -3.47734
        8.88047        -3.43517        -3.46654        -3.49812        -3.46731
        8.92125        -3.42512         -3.4565        -3.48799        -3.45725
        8.96203        -3.41504        -3.44645        -3.47788        -3.44715
        9.00281        -3.40495        -3.43643        -3.46782        -3.43711
        9.04359        -3.39487        -3.42646        -3.45784        -3.42715
        9.08438        -3.38482        -3.41657        -3.44796        -3.41723
        9.12516        -3.37478        -3.40675        -3.43818        -3.40737
        9.16594        -3.36473        -3.39699         -3.4285        -3.39765
        9.20672        -3.35466        -3.38727        -3.41892        -3.38799
         9.2475        -3.34454         -3.3776        -3.40944        -3.37836
        9.28828        -3.33436        -3.36797        -3.40006        -3.36883
        9.32906        -3.32411        -3.35837        -3.39078        -3.35935
        9.36984        -3.31376        -3.34877        -3.38158        -3.34982
        9.41063        -3.30323        -3.33912        -3.37242        -3.34027
        9.45141        -3.29247        -3.32938        -3.36326        -3.33066
        9.49219        -3.28142        -3.31947        -3.35405        -3.32087
        9.53297        -3.27002        -3.30935        -3.34475        -3.31085
        9.57375        -3.25819        -3.29897        -3.33531         -3.3006
        9.61453        -3.24587        -3.28826        -3.32569        -3.29004
        9.65531        -3.23303        -3.27718        -3.31585        -3.27909
        9.69609        -3.21967        -3.26572        -3.30577         -3.2678
        9.73688        -3.20582        -3.25387        -3.29545        -3.25615
        9.77766         -3.1915        -3.24163        -3.28487        -3.24409
        9.81844        -3.17674        -3.22899        -3.27402        -3.23162
        9.85922        -3.16155        -3.21595        -3.26289         -3.2188
            9.9        -3.14596        -3.20249        -3.25148        -3.20553
        9.94078        -3.12999         -3.1886        -3.23974        -3.19174
        9.98156        -3.11366        -3.17423        -3.22757        -3.17742
        10.0223        -3.09698        -3.15928        -3.21482        -3.16243
        10.0631        -3.07996        -3.14369        -3.20137         -3.1466
        10.1039        -3.06261        -3.12739        -3.18706        -3.12987
        10.1447        -3.04495        -3.11029        -3.17178        -3.11219
        10.1855          -3.027        -3.09232        -3.15537        -3.09354
        10.2262        -3.00882        -3.07347        -3.13776        -3.07407
         10.267        -2.99086        -3.05409        -3.11923        -3.05411
        10.3078        -2.97368        -3.03467        -3.10016        -3.03402
        10.3486        -2.95785         -3.0157        -3.08094        -3.01427
        10.3894        -2.94393        -2.99765        -3.06195        -2.99547
        10.4302        -2.93248          -2.981        -3.04358        -2.97811
        10.4709        -2.92407        -2.96625        -3.02622        -2.96258
        10.5117        -2.91922        -2.95383        -3.01023         -2.9493
        10.5525        -2.91809        -2.94392        -2.99573        -2.93858
        10.5933        -2.92071        -2.93657        -2.98272        -2.93049
        10.6341        -2.92706        -2.93184         -2.9712        -2.92511
        10.6748        -2.93716        -2.92975        -2.96119        -2.92258
        10.7156        -2.95102        -2.93037        -2.95268        -2.92291
        10.7564        -2.96863        -2.93374        -2.94569        -2.92607
        10.7972           -2.99        -2.93991        -2.94022        -2.93222
         10.838        -3.01515        -2.94902        -2.93649        -2.94151
        10.8787        -3.04407        -2.96125        -2.93483        -2.95401
        10.9195        -3.07679         -2.9768        -2.93556         -2.9699
        10.9603        -3.11332        -2.99585        -2.93901        -2.98949
        11.0011        -3.15366        -3.01859        -2.94551        -3.01294
        11.0419        -3.19783        -3.04522        -2.95538        -3.04047
        11.0827        -3.24585        -3.07592        -2.96897        -3.07242
        11.1234        -3.29792        -3.11099         -2.9867        -3.10917
        11.1642        -3.35441        -3.15081        -3.00905          -3.151
         11.205        -3.41569        -3.19576        -3.03655        -3.19834
        11.2458        -3.48213        -3.24622        -3.06969        -3.25169
        11.2866         -3.5541        -3.30257        -3.10898        -3.31137
        11.3273        -3.63196         -3.3652        -3.15491        -3.37761
        11.3681        -3.71609        -3.43446        -3.20798        -3.45064
        11.4089         -3.8065        -3.51036         -3.2682        -3.53051
        11.4497        -3.90282        -3.59242        -3.33504        -3.61691
        11.4905        -4.00469        -3.68016        -3.40792        -3.70943
        11.5312        -4.11171         -3.7731        -3.48629        -3.80763
         11.572         -4.2235        -3.87075        -3.56958        -3.91089
        11.6128        -4.33968        -3.97264        -3.65723        -4.01848
        11.6536        -4.45987        -4.07827        -3.74866        -4.12966
        11.6944        -4.58337        -4.18702        -3.84323        -4.24364
        11.7352        -4.70908        -4.29809         -3.9401        -4.35953
        11.7759        -4.83583        -4.41064        -4.03847        -4.47636
        11.8167        -4.96246        -4.52384         -4.1375        -4.59327
        11.8575        -5.08781        -4.63684        -4.23637        -4.70955
        11.8983        -5.21073        -4.74883        -4.33425        -4.82489
        11.9391        -5.33006        -4.85897        -4.43034        -4.93968
        11.9798        -5.44611         -4.9678        -4.52535        -5.05526
        12.0206        -5.56226        -5.07873         -4.6232        -5.17395
        12.0614        -5.68229        -5.19552        -4.72822        -5.29886
        12.1022        -5.80995        -5.32193        -4.84474        -5.43331
         12.143        -5.94902        -5.46173        -4.97708        -5.58033
        12.1838        -6.10326        -5.61867        -5.12959        -5.74188
        12.2245        -6.27642        -5.79651        -5.30658        -5.91795
        12.2653        -6.46797        -5.99452        -5.50746         -6.1059
        12.3061        -6.66491        -6.19903        -5.71756        -6.30102
        12.3469        -6.85203        -6.39404        -5.91964        -6.49951
        12.3877        -7.01414        -6.56358        -6.09648        -6.70263
        12.4284        -7.13604        -6.69166        -6.23087        -6.91909
        12.4692        -7.20251        -6.76229        -6.30559        -7.16445
