#logMs log_phi_original_neg_systematic log_phi_original log_phi_original_post_systematic log_phi_deconvolved
        7.03398        -3.13406        -3.17066        -3.21083        -3.26252
        7.06797        -3.12127        -3.15578        -3.19413        -3.22433
        7.10195        -3.10001        -3.13206        -3.16846         -3.1832
        7.13594        -3.07288        -3.10217        -3.13647        -3.13931
        7.16992        -3.04248        -3.06878        -3.10082        -3.09374
        7.20391        -3.01141        -3.03454        -3.06416        -3.04831
        7.23789        -2.98226        -3.00213        -3.02915        -3.00532
        7.27187        -2.95764        -2.97421        -2.99843        -2.96714
        7.30586        -2.94009        -2.95339         -2.9746        -2.93591
        7.33984        -2.93053        -2.94061        -2.95864        -2.91317
        7.37383        -2.92813        -2.93504        -2.94972        -2.89976
        7.40781        -2.93195        -2.93575        -2.94696        -2.89576
         7.4418        -2.94108         -2.9418        -2.94945        -2.90059
        7.47578         -2.9546        -2.95226        -2.95629         -2.9131
        7.50977        -2.97157         -2.9662        -2.96658        -2.93181
        7.54375        -2.99107        -2.98268        -2.97943        -2.95507
        7.57773        -3.01218        -3.00077        -2.99394        -2.98125
        7.61172        -3.03405        -3.01965         -3.0093        -3.00885
         7.6457        -3.05625        -3.03892        -3.02519        -3.03664
        7.67969        -3.07845        -3.05837        -3.04145        -3.06364
        7.71367        -3.10033        -3.07777         -3.0579        -3.08919
        7.74766        -3.12158        -3.09689        -3.07436        -3.11287
        7.78164        -3.14188         -3.1155        -3.09067        -3.13448
        7.81563         -3.1609        -3.13338        -3.10665        -3.15394
        7.84961        -3.17833        -3.15029        -3.12212        -3.17133
        7.88359        -3.19385          -3.166        -3.13692        -3.18675
        7.91758        -3.20734        -3.18041        -3.15094        -3.20035
        7.95156        -3.21891        -3.19352        -3.16417        -3.21228
        7.98555        -3.22872        -3.20537        -3.17661         -3.2227
        8.01953         -3.2369        -3.21598        -3.18826        -3.23176
        8.05352        -3.24359        -3.22539        -3.19911        -3.23958
         8.0875        -3.24893        -3.23361        -3.20915        -3.24626
        8.12148        -3.25305        -3.24068        -3.21838         -3.2519
        8.15547         -3.2561        -3.24663        -3.22679        -3.25656
        8.18945        -3.25821        -3.25148        -3.23439         -3.2603
        8.22344        -3.25948         -3.2553        -3.24115        -3.26316
        8.25742        -3.25999        -3.25817        -3.24707        -3.26519
        8.29141        -3.25985        -3.26016        -3.25212        -3.26643
        8.32539        -3.25913        -3.26134         -3.2563        -3.26692
        8.35938        -3.25792        -3.26178        -3.25958        -3.26672
        8.39336        -3.25631        -3.26157        -3.26196        -3.26587
        8.42734        -3.25439        -3.26078        -3.26342        -3.26444
        8.46133        -3.25224        -3.25947        -3.26394         -3.2625
        8.49531        -3.24994        -3.25774        -3.26357        -3.26013
         8.5293        -3.24755        -3.25565        -3.26244        -3.25741
        8.56328        -3.24511         -3.2533        -3.26069        -3.25445
        8.59727        -3.24266        -3.25077        -3.25846        -3.25133
        8.63125        -3.24027        -3.24815         -3.2559        -3.24815
        8.66523        -3.23799        -3.24551        -3.25314        -3.24501
        8.69922        -3.23585        -3.24294        -3.25032        -3.24198
         8.7332        -3.23392        -3.24052        -3.24758        -3.23915
        8.76719        -3.23223        -3.23834        -3.24505        -3.23658
        8.80117        -3.23083        -3.23643        -3.24278         -3.2343
        8.83516        -3.22972         -3.2348        -3.24077        -3.23235
        8.86914        -3.22894        -3.23346        -3.23903        -3.23075
        8.90312        -3.22849        -3.23243        -3.23757         -3.2295
        8.93711         -3.2284        -3.23172         -3.2364        -3.22861
        8.97109        -3.22869        -3.23134        -3.23551        -3.22809
        9.00508        -3.22939        -3.23132        -3.23493        -3.22792
        9.03906         -3.2305        -3.23166        -3.23465        -3.22812
        9.07305        -3.23206        -3.23239        -3.23469        -3.22871
        9.10703        -3.23411        -3.23353        -3.23508        -3.22969
        9.14102        -3.23668        -3.23513        -3.23584        -3.23111
          9.175        -3.23982         -3.2372        -3.23702        -3.23298
        9.20898        -3.24356         -3.2398        -3.23863        -3.23535
        9.24297        -3.24795        -3.24295        -3.24072        -3.23826
        9.27695        -3.25302        -3.24669         -3.2433        -3.24174
        9.31094        -3.25882        -3.25105        -3.24641        -3.24585
        9.34492        -3.26538        -3.25606        -3.25008        -3.25063
        9.37891        -3.27275        -3.26177        -3.25435        -3.25612
        9.41289        -3.28097        -3.26823        -3.25926        -3.26239
        9.44687        -3.29009        -3.27547        -3.26488        -3.26946
        9.48086        -3.30015        -3.28355        -3.27123        -3.27741
        9.51484         -3.3112        -3.29251        -3.27837        -3.28628
        9.54883        -3.32328         -3.3024        -3.28634        -3.29612
        9.58281        -3.33644        -3.31327         -3.2952        -3.30699
         9.6168        -3.35072        -3.32516        -3.30498        -3.31894
        9.65078        -3.36618        -3.33811        -3.31574        -3.33202
        9.68477        -3.38289         -3.3522        -3.32751        -3.34628
        9.71875        -3.40092        -3.36747        -3.34036        -3.36179
        9.75274        -3.42035        -3.38399        -3.35431        -3.37859
        9.78672        -3.44126        -3.40181        -3.36943        -3.39675
         9.8207        -3.46372          -3.421        -3.38574        -3.41633
        9.85469        -3.48781        -3.44161        -3.40331        -3.43738
        9.88867         -3.5136         -3.4637        -3.42218           -3.46
        9.92266        -3.54117        -3.48733        -3.44239        -3.48426
        9.95664        -3.57064        -3.51261        -3.46402        -3.51027
        9.99063        -3.60214        -3.53965         -3.4872        -3.53815
        10.0246        -3.63582        -3.56859        -3.51201        -3.56805
        10.0586         -3.6718        -3.59955        -3.53856        -3.60014
        10.0926        -3.71024        -3.63266        -3.56697        -3.63465
        10.1266        -3.75126        -3.66804        -3.59734        -3.67185
        10.1605          -3.795        -3.70581        -3.62976        -3.71207
        10.1945        -3.84161         -3.7461        -3.66436        -3.75572
        10.2285        -3.89127        -3.78909        -3.70129        -3.80325
        10.2625        -3.94429        -3.83511        -3.74089        -3.85517
        10.2965        -4.00103         -3.8845        -3.78353        -3.91199
        10.3305        -4.06181        -3.93762        -3.82956        -3.97419
        10.3645        -4.12699        -3.99481        -3.87935        -4.04214
        10.3984        -4.19689        -4.05643        -3.93325        -4.11603
        10.4324        -4.27187        -4.12282        -3.99164        -4.19578
        10.4664        -4.35226        -4.19433        -4.05488          -4.281
        10.5004        -4.43834        -4.27126        -4.12326        -4.37089
        10.5344        -4.52959        -4.35308         -4.1963        -4.46431
        10.5684        -4.62482        -4.43864        -4.27285        -4.55983
        10.6023        -4.72286        -4.52679        -4.35179         -4.6559
        10.6363         -4.8225        -4.61635        -4.43195        -4.75113
        10.6703        -4.92257        -4.70616         -4.5122        -4.84464
        10.7043        -5.02188        -4.79504        -4.59139        -4.93635
        10.7383        -5.11924        -4.88184        -4.66838        -5.02727
        10.7723        -5.21346        -4.96539        -4.74203        -5.11966
        10.8063        -5.30454        -5.04569        -4.81233         -5.2169
        10.8402        -5.39638        -5.12659        -4.88305        -5.32334
        10.8742        -5.49369        -5.21274        -4.95874        -5.44388
        10.9082        -5.60115        -5.30877        -5.04391        -5.58356
        10.9422        -5.72346        -5.41932        -5.14312        -5.74712
        10.9762        -5.86533        -5.54903        -5.26089        -5.93859
        11.0102        -6.03144        -5.70253        -5.40175        -6.16096
        11.0441        -6.22649        -5.88447        -5.57025          -6.416
        11.0781        -6.45466        -6.09897        -5.77043        -6.70412
        11.1121        -6.70976        -6.34007        -5.99658        -7.02464
        11.1461        -6.97612        -6.59254        -6.23404        -7.37608
        11.1801        -7.23769        -6.84084        -6.46784        -7.75695
        11.2141        -7.47846        -7.06942        -6.68301        -8.16657
         11.248        -7.68239        -7.26271        -6.86455        -8.60586
         11.282        -7.83346        -7.40516        -6.99751        -9.07778
         11.316        -7.91563         -7.4812        -7.06689        -9.58735
