#logMs log_phi_original_neg_systematic log_phi_original log_phi_original_post_systematic log_phi_deconvolved
        7.03398         -2.1072        -2.05259        -1.99661        -2.32567
        7.06797        -2.07441        -2.01942        -1.96315        -2.24676
        7.10195        -2.03202        -1.97653         -1.9199        -2.16452
        7.13594        -1.98237         -1.9263        -1.86923        -2.07895
        7.16992        -1.92778        -1.87107        -1.81353        -1.99126
        7.20391        -1.87059         -1.8132        -1.75517        -1.90356
        7.23789        -1.81312        -1.75505        -1.69652        -1.81842
        7.27187        -1.75769        -1.69898        -1.63995        -1.73846
        7.30586        -1.70661        -1.64729         -1.5878        -1.66592
        7.33984        -1.66084        -1.60099        -1.54107        -1.60232
        7.37383        -1.61995        -1.55964        -1.49932        -1.54832
        7.40781        -1.58344        -1.52271        -1.46203        -1.50373
         7.4418         -1.5508        -1.48972         -1.4287        -1.46761
        7.47578        -1.52153        -1.46013        -1.39882        -1.43854
        7.50977        -1.49513        -1.43346        -1.37187        -1.41483
        7.54375        -1.47108        -1.40917        -1.34734        -1.39482
        7.57773        -1.44889        -1.38677        -1.32472        -1.37704
        7.61172        -1.42813        -1.36581        -1.30357        -1.36039
         7.6457         -1.4087        -1.34622        -1.28382        -1.34412
        7.67969        -1.39065        -1.32802        -1.26547        -1.32788
        7.71367          -1.374        -1.31124        -1.24857        -1.31161
        7.74766        -1.35877         -1.2959        -1.23313        -1.29543
        7.78164          -1.345        -1.28204        -1.21918        -1.27959
        7.81563        -1.33272        -1.26968        -1.20674         -1.2644
        7.84961        -1.32195        -1.25884        -1.19584        -1.25016
        7.88359        -1.31272        -1.24956        -1.18651        -1.23719
        7.91758        -1.30511        -1.24192        -1.17881        -1.22581
        7.95156        -1.29926        -1.23603        -1.17289        -1.21641
        7.98555         -1.2953        -1.23205        -1.16888        -1.20939
        8.01953        -1.29337        -1.23011        -1.16691        -1.20521
        8.05352        -1.29362        -1.23036        -1.16714        -1.20433
         8.0875        -1.29619        -1.23292        -1.16969        -1.20715
        8.12148        -1.30121        -1.23794         -1.1747        -1.21395
        8.15547        -1.30883        -1.24556        -1.18231        -1.22482
        8.18945        -1.31911        -1.25585         -1.1926        -1.23955
        8.22344         -1.3317        -1.26845        -1.20519        -1.25765
        8.25742         -1.3461        -1.28284        -1.21959        -1.27834
        8.29141        -1.36178        -1.29853        -1.23528        -1.30057
        8.32539        -1.37825          -1.315        -1.25175        -1.32316
        8.35938        -1.39498        -1.33173        -1.26848         -1.3449
        8.39336        -1.41147        -1.34822        -1.28497         -1.3647
        8.42734        -1.42721        -1.36395        -1.30069        -1.38176
        8.46133        -1.44169        -1.37842        -1.31516        -1.39566
        8.49531        -1.45475        -1.39146        -1.32819        -1.40642
         8.5293        -1.46672        -1.40343        -1.34014         -1.4145
        8.56328        -1.47802        -1.41471        -1.35141        -1.42077
        8.59727        -1.48903        -1.42572         -1.3624        -1.42632
        8.63125        -1.50016        -1.43684         -1.3735         -1.4324
        8.66523        -1.51179        -1.44847        -1.38513        -1.44014
        8.69922        -1.52432        -1.46101        -1.39766        -1.45051
         8.7332        -1.53816        -1.47486        -1.41152        -1.46409
        8.76719        -1.55362        -1.49036        -1.42701        -1.48109
        8.80117        -1.57054        -1.50732        -1.44399        -1.50125
        8.83516        -1.58854        -1.52536        -1.46205         -1.5239
        8.86914        -1.60722        -1.54409        -1.48081        -1.54806
        8.90312        -1.62619        -1.56313        -1.49988        -1.57258
        8.93711        -1.64506        -1.58207        -1.51886        -1.59624
        8.97109        -1.66344        -1.60053        -1.53736        -1.61797
        9.00508        -1.68095        -1.61811        -1.55499        -1.63698
        9.03906        -1.69719        -1.63444        -1.57137        -1.65286
        9.07305        -1.71202        -1.64936        -1.58635        -1.66562
        9.10703         -1.7258        -1.66322        -1.60027        -1.67574
        9.14102        -1.73889        -1.67641        -1.61351        -1.68404
          9.175        -1.75171         -1.6893        -1.62647         -1.6916
        9.20898        -1.76462        -1.70229        -1.63952         -1.6996
        9.24297        -1.77802        -1.71576        -1.65305        -1.70914
        9.27695         -1.7923        -1.73009        -1.66744        -1.72115
        9.31094        -1.80784        -1.74567        -1.68308        -1.73623
        9.34492          -1.825        -1.76285        -1.70031        -1.75459
        9.37891        -1.84369        -1.78153        -1.71904        -1.77602
        9.41289        -1.86361        -1.80141        -1.73896        -1.79996
        9.44687        -1.88448        -1.82219        -1.75973        -1.82553
        9.48086        -1.90599        -1.84354        -1.78105        -1.85169
        9.51484        -1.92784        -1.86516         -1.8026        -1.87737
        9.54883        -1.94972        -1.88674        -1.82404        -1.90162
        9.58281        -1.97135        -1.90797        -1.84507        -1.92377
         9.6168        -1.99243        -1.92854        -1.86537         -1.9435
        9.65078        -2.01285        -1.94834        -1.88482        -1.96093
        9.68477        -2.03303        -1.96774        -1.90377        -1.97661
        9.71875         -2.0534        -1.98718        -1.92262        -1.99144
        9.75274        -2.07442        -2.00708        -1.94179        -2.00656
        9.78672        -2.09654        -2.02788        -1.96167         -2.0232
         9.8207        -2.12022        -2.04999        -1.98269        -2.04254
        9.85469        -2.14591        -2.07385        -2.00524         -2.0655
        9.88867        -2.17405        -2.09989        -2.02974        -2.09269
        9.92266        -2.20508         -2.1285        -2.05655        -2.12428
        9.95664        -2.23902        -2.15972        -2.08571        -2.15998
        9.99063        -2.27566        -2.19335        -2.11701        -2.19913
        10.0246         -2.3148        -2.22916        -2.15022        -2.24075
        10.0586        -2.35622        -2.26695        -2.18515        -2.28374
        10.0926        -2.39971        -2.30652        -2.22158        -2.32706
        10.1266        -2.44505        -2.34764        -2.25929        -2.36996
        10.1605        -2.49202        -2.39011        -2.29808         -2.4122
        10.1945        -2.54042        -2.43373        -2.33773        -2.45417
        10.2285         -2.5903        -2.47853        -2.37829          -2.497
        10.2625        -2.64244        -2.52526        -2.42046        -2.54247
        10.2965        -2.69773        -2.57479        -2.46508        -2.59287
        10.3305        -2.75706        -2.62797        -2.51296        -2.65074
        10.3645        -2.82133        -2.68566        -2.56494        -2.71848
        10.3984        -2.89144        -2.74873        -2.62184        -2.79798
        10.4324        -2.96828        -2.81803        -2.68449        -2.89021
        10.4664        -3.05275        -2.89442         -2.7537         -2.9949
        10.5004        -3.14566        -2.97869        -2.83024        -3.11038
        10.5344        -3.24658        -3.07042        -2.91371         -3.2336
        10.5684        -3.35412        -3.16828        -3.00283        -3.36044
        10.6023        -3.46687        -3.27092         -3.0963        -3.48633
        10.6363        -3.58342        -3.37699        -3.19283        -3.60716
        10.6703        -3.70235        -3.48513        -3.29112        -3.72048
        10.7043        -3.82225        -3.59399        -3.38988         -3.8265
        10.7383        -3.94172        -3.70221         -3.4878        -3.92899
        10.7723        -4.05933        -3.80845        -3.58359        -4.03551
        10.8063          -4.175        -3.91263         -3.6772         -4.1571
        10.8402        -4.29298        -4.01892        -3.77267        -4.30731
        10.8742        -4.41838        -4.13234        -3.87488        -4.50092
        10.9082        -4.55635         -4.2579        -3.98871        -4.75241
        10.9422        -4.71201        -4.40064        -4.11903        -5.07459
        10.9762        -4.89049        -4.56557        -4.27071        -5.47728
        11.0102        -5.09692        -4.75772        -4.44865         -5.9664
        11.0441        -5.33643         -4.9821        -4.65771        -6.54339
        11.0781        -5.61357        -5.24318        -4.90223        -7.20517
        11.1121        -5.92149        -5.53439        -5.17597        -7.94506
        11.1461        -6.24284        -5.83902        -5.46293        -8.75472
        11.1801        -6.55991        -6.13998        -5.74676         -9.6272
        11.2141        -6.85499        -6.42021        -6.01115        -10.5603
         11.248        -7.11036        -6.66262        -6.23974        -11.5595
         11.282        -7.30831        -6.85016        -6.41619        -12.6386
         11.316        -7.43111        -6.96572        -6.52417        -13.8193
