#logMs log_phi_original_neg_systematic log_phi_original log_phi_original_post_systematic log_phi_deconvolved
        7.02945         -1.3771        -1.31514        -1.25315        -1.32156
        7.05891        -1.38651        -1.32447        -1.26242         -1.3275
        7.08836        -1.39792        -1.33578        -1.27363        -1.33509
        7.11781          -1.411        -1.34874        -1.28645        -1.34436
        7.14727         -1.4254        -1.36299        -1.30056        -1.35532
        7.17672        -1.44078        -1.37822        -1.31563        -1.36791
        7.20617         -1.4568        -1.39408        -1.33134        -1.38205
        7.23563        -1.47312        -1.41025        -1.34736        -1.39756
        7.26508         -1.4894        -1.42639        -1.36336        -1.41422
        7.29453        -1.50529        -1.44217        -1.37901        -1.43175
        7.32398        -1.52056        -1.45735        -1.39411        -1.44985
        7.35344        -1.53526        -1.47198        -1.40867        -1.46821
        7.38289        -1.54947        -1.48615        -1.42279        -1.48653
        7.41234        -1.56328        -1.49993        -1.43654        -1.50456
         7.4418        -1.57679        -1.51342        -1.45001        -1.52209
        7.47125        -1.59007         -1.5267        -1.46328        -1.53898
         7.5007        -1.60321        -1.53984        -1.47642        -1.55514
        7.53016         -1.6163        -1.55294        -1.48951        -1.57054
        7.55961        -1.62944        -1.56608        -1.50265        -1.58523
        7.58906         -1.6427        -1.57934         -1.5159        -1.59927
        7.61852        -1.65614        -1.59277        -1.52931        -1.61276
        7.64797        -1.66973        -1.60635        -1.54286        -1.62582
        7.67742        -1.68345        -1.62004        -1.55653        -1.63858
        7.70687        -1.69726        -1.63384        -1.57029        -1.65115
        7.73633        -1.71114         -1.6477        -1.58412        -1.66363
        7.76578        -1.72507        -1.66161          -1.598        -1.67611
        7.79523        -1.73901        -1.67553        -1.61189        -1.68866
        7.82469        -1.75293        -1.68945        -1.62579        -1.70132
        7.85414        -1.76682        -1.70334        -1.63965        -1.71411
        7.88359        -1.78065        -1.71717        -1.65346        -1.72705
        7.91305        -1.79439        -1.73093        -1.66721        -1.74014
         7.9425        -1.80807        -1.74462         -1.6809        -1.75337
        7.97195        -1.82168        -1.75826        -1.69455        -1.76671
        8.00141        -1.83523        -1.77185        -1.70814        -1.78014
        8.03086        -1.84873        -1.78539        -1.72169        -1.79365
        8.06031        -1.86218        -1.79889        -1.73521         -1.8072
        8.08977         -1.8756        -1.81235        -1.74871        -1.82079
        8.11922        -1.88899        -1.82579        -1.76217        -1.83439
        8.14867        -1.90235        -1.83921        -1.77562        -1.84798
        8.17813        -1.91569        -1.85261        -1.78906        -1.86156
        8.20758        -1.92903          -1.866        -1.80248        -1.87512
        8.23703        -1.94234        -1.87938         -1.8159        -1.88864
        8.26648        -1.95565        -1.89274         -1.8293        -1.90213
        8.29594        -1.96895        -1.90609        -1.84268        -1.91558
        8.32539        -1.98224        -1.91942        -1.85605        -1.92898
        8.35484        -1.99553        -1.93274        -1.86941        -1.94235
         8.3843        -2.00881        -1.94605        -1.88274        -1.95567
        8.41375        -2.02208        -1.95934        -1.89606        -1.96896
         8.4432        -2.03536        -1.97262        -1.90936        -1.98221
        8.47266        -2.04863        -1.98588        -1.92264        -1.99542
        8.50211        -2.06192        -1.99914         -1.9359        -2.00861
        8.53156        -2.07524         -2.0124        -1.94916        -2.02178
        8.56102        -2.08861        -2.02568        -1.96242        -2.03493
        8.59047        -2.10204          -2.039        -1.97569        -2.04809
        8.61992        -2.11555        -2.05236        -1.98899        -2.06125
        8.64937        -2.12917        -2.06577        -2.00232        -2.07443
        8.67883         -2.1429        -2.07926        -2.01569        -2.08764
        8.70828        -2.15677        -2.09283        -2.02911         -2.1009
        8.73773        -2.17078         -2.1065        -2.04259        -2.11422
        8.76719        -2.18497        -2.12028        -2.05613        -2.12763
        8.79664        -2.19937        -2.13419        -2.06977        -2.14114
        8.82609          -2.214        -2.14827        -2.08352        -2.15478
        8.85555        -2.22892        -2.16255        -2.09741        -2.16858
          8.885        -2.24414        -2.17705        -2.11147        -2.18256
        8.91445        -2.25972        -2.19181        -2.12571        -2.19676
        8.94391        -2.27568        -2.20685        -2.14016        -2.21123
        8.97336        -2.29206        -2.22221        -2.15485          -2.226
        9.00281         -2.3089        -2.23791        -2.16979        -2.24113
        9.03227        -2.32623        -2.25399        -2.18502        -2.25666
        9.06172         -2.3441        -2.27049        -2.20056        -2.27266
        9.09117        -2.36258        -2.28746        -2.21647        -2.28919
        9.12063        -2.38175        -2.30497        -2.23282        -2.30633
        9.15008        -2.40168         -2.3231        -2.24967        -2.32414
        9.17953        -2.42245        -2.34192        -2.26707        -2.34271
        9.20898        -2.44413        -2.36149        -2.28509        -2.36211
        9.23844         -2.4668        -2.38189         -2.3038        -2.38246
        9.26789        -2.49053        -2.40318        -2.32325        -2.40382
        9.29734         -2.5154        -2.42543        -2.34351        -2.42632
         9.3268         -2.5415        -2.44872        -2.36464        -2.45007
        9.35625        -2.56888         -2.4731         -2.3867        -2.47518
         9.3857        -2.59762        -2.49865        -2.40976        -2.50181
        9.41516         -2.6278        -2.52545        -2.43389        -2.53011
        9.44461        -2.65947        -2.55355        -2.45915        -2.56025
        9.47406        -2.69272        -2.58304        -2.48562        -2.59244
        9.50352        -2.72761        -2.61397        -2.51336         -2.6269
        9.53297        -2.76421        -2.64642        -2.54243        -2.66388
        9.56242        -2.80259        -2.68046         -2.5729        -2.70368
        9.59188        -2.84283        -2.71616        -2.60485        -2.74658
        9.62133        -2.88498        -2.75358        -2.63833        -2.79291
        9.65078        -2.92921        -2.79287         -2.6735        -2.84301
        9.68023        -2.97575        -2.83428        -2.71057        -2.89723
        9.70969        -3.02486        -2.87804        -2.74978        -2.95591
        9.73914        -3.07679         -2.9244        -2.79137        -3.01939
        9.76859        -3.13179         -2.9736        -2.83558        -3.08798
        9.79805        -3.19011        -3.02589        -2.88264        -3.16197
         9.8275        -3.25202        -3.08152         -2.9328        -3.24163
        9.85695        -3.31776        -3.14073        -2.98627        -3.32718
        9.88641        -3.38758        -3.20377        -3.04332        -3.41878
        9.91586        -3.46172        -3.27086        -3.10414         -3.5166
        9.94531        -3.54015          -3.342        -3.16876        -3.62074
        9.97477        -3.62256        -3.41694        -3.23698        -3.73131
        10.0042        -3.70866        -3.49544         -3.3086        -3.84841
        10.0337        -3.79813        -3.57725        -3.38341        -3.97216
        10.0631        -3.89068        -3.66213         -3.4612        -4.10269
        10.0926          -3.986        -3.74983        -3.54179        -4.24021
         10.122        -4.08379        -3.84009        -3.62497        -4.38497
        10.1515        -4.18374        -3.93267        -3.71052        -4.53729
        10.1809        -4.28556        -4.02734        -3.79827        -4.69758
        10.2104        -4.38902        -4.12391        -3.88806        -4.86628
        10.2398         -4.4948        -4.22305        -3.98056        -5.04393
        10.2693        -4.60412        -4.32593        -4.07689        -5.23109
        10.2987        -4.71822        -4.43369        -4.17815        -5.42835
        10.3282        -4.83833        -4.54753         -4.2855        -5.63632
        10.3577        -4.96568        -4.66859        -4.40004        -5.85563
        10.3871         -5.1015        -4.79806        -4.52291        -6.08687
        10.4166        -5.24702        -4.93709        -4.65523        -6.33069
         10.446        -5.40348        -5.08686        -4.79812        -6.58772
        10.4755        -5.57209        -5.24853        -4.95271        -6.85865
        10.5049        -5.75328        -5.42247        -5.11936        -7.14426
        10.5344        -5.94223        -5.60402        -5.29351        -7.44541
        10.5638        -6.13209        -5.78651         -5.4687        -7.76313
        10.5933        -6.31597        -5.96326        -5.63844         -8.0986
        10.6227        -6.48702        -6.12762        -5.79624        -8.45319
        10.6522        -6.63835        -6.27291        -5.93563        -8.82842
        10.6816         -6.7631        -6.39247        -6.05013        -9.22607
        10.7111        -6.85441        -6.47962        -6.13325          -9.648
        10.7405        -6.90539         -6.5277        -6.17851        -10.0962
