#logMs log_phi_original_neg_systematic log_phi_original log_phi_original_post_systematic log_phi_deconvolved
        7.03172        -1.80194        -1.74119        -1.68077        -1.83189
        7.06344        -1.78202        -1.72111        -1.66053        -1.79826
        7.09516        -1.75626        -1.69513        -1.63433        -1.76176
        7.12687        -1.72595        -1.66454        -1.60347        -1.72225
        7.15859        -1.69238        -1.63066        -1.56928        -1.68014
        7.19031        -1.65683        -1.59479        -1.53308        -1.63628
        7.22203        -1.62059        -1.55823        -1.49619        -1.59185
        7.25375        -1.58495        -1.52229        -1.45994        -1.54811
        7.28547        -1.55119        -1.48826        -1.42565        -1.50627
        7.31719        -1.52044         -1.4573        -1.39447        -1.46734
        7.34891        -1.49283        -1.42952        -1.36653        -1.43202
        7.38063        -1.46809        -1.40467        -1.34156        -1.40065
        7.41234        -1.44598        -1.38248        -1.31929         -1.3733
        7.44406        -1.42623        -1.36269        -1.29945        -1.34976
        7.47578        -1.40861        -1.34504        -1.28177        -1.32962
         7.5075        -1.39284        -1.32927        -1.26598        -1.31242
        7.53922        -1.37868        -1.31512        -1.25182        -1.29762
        7.57094        -1.36587        -1.30232        -1.23902        -1.28476
        7.60266        -1.35418        -1.29064        -1.22732        -1.27347
        7.63438        -1.34359        -1.28004         -1.2167        -1.26349
        7.66609        -1.33418        -1.27063        -1.20726        -1.25469
        7.69781        -1.32605        -1.26249         -1.1991        -1.24704
        7.72953        -1.31929        -1.25573         -1.1923        -1.24063
        7.76125        -1.31401        -1.25044        -1.18698         -1.2356
        7.79297        -1.31029        -1.24671        -1.18322         -1.2321
        7.82469        -1.30824        -1.24464        -1.18112         -1.2303
        7.85641        -1.30793        -1.24433        -1.18078        -1.23033
        7.88812        -1.30947        -1.24586         -1.1823        -1.23227
        7.91984         -1.3128        -1.24919        -1.18561        -1.23612
        7.95156        -1.31777        -1.25416        -1.19057        -1.24184
        7.98328        -1.32422        -1.26061        -1.19702        -1.24929
          8.015        -1.33199        -1.26838        -1.20478        -1.25831
        8.04672        -1.34091         -1.2773        -1.21371        -1.26869
        8.07844        -1.35083        -1.28722        -1.22363        -1.28021
        8.11016        -1.36159        -1.29798        -1.23439        -1.29262
        8.14188        -1.37302        -1.30941        -1.24583        -1.30573
        8.17359        -1.38497        -1.32136        -1.25777        -1.31932
        8.20531        -1.39733        -1.33371        -1.27013        -1.33324
        8.23703        -1.41006        -1.34643        -1.28284        -1.34735
        8.26875         -1.4231        -1.35946        -1.29587        -1.36157
        8.30047        -1.43642        -1.37277        -1.30917        -1.37582
        8.33219        -1.44997        -1.38631         -1.3227        -1.39005
        8.36391        -1.46372        -1.40005        -1.33642        -1.40426
        8.39563        -1.47761        -1.41392        -1.35029        -1.41841
        8.42734        -1.49161        -1.42791        -1.36425        -1.43252
        8.45906        -1.50567        -1.44195        -1.37828         -1.4466
        8.49078        -1.51976        -1.45604        -1.39235        -1.46065
         8.5225        -1.53391        -1.47017        -1.40646         -1.4747
        8.55422        -1.54811        -1.48436        -1.42064        -1.48878
        8.58594        -1.56239        -1.49863        -1.43489        -1.50289
        8.61766        -1.57675        -1.51298        -1.44922        -1.51708
        8.64937        -1.59122        -1.52744        -1.46366        -1.53137
        8.68109        -1.60579        -1.54201        -1.47821        -1.54577
        8.71281        -1.62049         -1.5567        -1.49289        -1.56032
        8.74453        -1.63533        -1.57153        -1.50771        -1.57504
        8.77625        -1.65031        -1.58652        -1.52269        -1.58993
        8.80797        -1.66546        -1.60167        -1.53783        -1.60503
        8.83969        -1.68079          -1.617        -1.55314        -1.62033
        8.87141        -1.69631        -1.63252        -1.56865        -1.63585
        8.90312        -1.71202        -1.64824        -1.58436         -1.6516
        8.93484        -1.72796        -1.66417        -1.60028        -1.66758
        8.96656        -1.74412        -1.68032        -1.61643        -1.68381
        8.99828        -1.76052        -1.69671        -1.63281        -1.70029
           9.03        -1.77718        -1.71336        -1.64944        -1.71704
        9.06172         -1.7941        -1.73026        -1.66632        -1.73404
        9.09344        -1.81131        -1.74744        -1.68348        -1.75132
        9.12516        -1.82883        -1.76491        -1.70093        -1.76889
        9.15688        -1.84668        -1.78269        -1.71867        -1.78675
        9.18859        -1.86487         -1.8008        -1.73673        -1.80491
        9.22031        -1.88343        -1.81926        -1.75512         -1.8234
        9.25203        -1.90238        -1.83807        -1.77384        -1.84223
        9.28375        -1.92174        -1.85725        -1.79293        -1.86143
        9.31547        -1.94153        -1.87683        -1.81238        -1.88104
        9.34719        -1.96177        -1.89682        -1.83222         -1.9011
        9.37891        -1.98253        -1.91727        -1.85248        -1.92166
        9.41063        -2.00386        -1.93824        -1.87322        -1.94279
        9.44234        -2.02585        -1.95978        -1.89448        -1.96455
        9.47406        -2.04855        -1.98196        -1.91631        -1.98702
        9.50578        -2.07204        -2.00483        -1.93877        -2.01025
         9.5375        -2.09639        -2.02844        -1.96188        -2.03431
        9.56922        -2.12166        -2.05287        -1.98572        -2.05925
        9.60094        -2.14793        -2.07815        -2.01031         -2.0851
        9.63266        -2.17527        -2.10436        -2.03572        -2.11188
        9.66438        -2.20371        -2.13152        -2.06196         -2.1396
        9.69609         -2.2333        -2.15967        -2.08905        -2.16825
        9.72781        -2.26407        -2.18882          -2.117        -2.19784
        9.75953        -2.29607          -2.219        -2.14582        -2.22836
        9.79125        -2.32932        -2.25024        -2.17553        -2.25985
        9.82297        -2.36386        -2.28255        -2.20614        -2.29241
        9.85469        -2.39974        -2.31597        -2.23767        -2.32616
        9.88641        -2.43698        -2.35052        -2.27012        -2.36135
        9.91813        -2.47564        -2.38624        -2.30352        -2.39828
        9.94984        -2.51595        -2.42333        -2.33807        -2.43736
        9.98156        -2.55831        -2.46219        -2.37412        -2.47904
        10.0133        -2.60312        -2.50318        -2.41201        -2.52386
         10.045        -2.65078        -2.54668         -2.4521        -2.57232
        10.0767         -2.7017        -2.59307        -2.49474        -2.62488
        10.1084        -2.75627        -2.64273        -2.54028        -2.68191
        10.1402        -2.81489        -2.69603        -2.58907        -2.74361
        10.1719        -2.87797        -2.75335        -2.64146        -2.80997
        10.2036        -2.94589        -2.81505        -2.69778        -2.88074
        10.2353        -3.01856        -2.88105        -2.75797        -2.95544
         10.267        -3.09532        -2.95071        -2.82141        -3.03341
        10.2987        -3.17545        -3.02338        -2.88748        -3.11388
        10.3305        -3.25826        -3.09838        -2.95557         -3.1961
        10.3622        -3.34305        -3.17506        -3.02504        -3.27956
        10.3939        -3.42911        -3.25275        -3.09527        -3.36415
        10.4256        -3.51574        -3.33079        -3.16564        -3.45035
        10.4573        -3.60225        -3.40851        -3.23553        -3.53937
        10.4891        -3.68793        -3.48528        -3.30432        -3.63316
        10.5208        -3.77354         -3.5618        -3.37271         -3.7344
        10.5525        -3.86233        -3.64122        -3.44368        -3.84631
        10.5842        -3.95783        -3.72691        -3.52048        -3.97245
        10.6159        -4.06355        -3.82226        -3.60631        -4.11646
        10.6477          -4.183        -3.93064         -3.7044        -4.28175
        10.6794         -4.3197        -4.05545        -3.81799        -4.47133
        10.7111        -4.47717        -4.20004        -3.95029        -4.68748
        10.7428        -4.65893        -4.36782        -4.10453        -4.93168
        10.7745        -4.86848        -4.56214        -4.28392        -5.20449
        10.8063        -5.10534        -4.78259        -4.48811        -5.50564
         10.838        -5.35854        -5.01877         -4.7073        -5.83418
        10.8697        -5.61543        -5.25868        -4.93019        -6.18893
        10.9014        -5.86333        -5.49033        -5.14546        -6.56898
        10.9331        -6.08958        -5.70168        -5.34181        -6.97423
        10.9648        -6.28152        -5.88076        -5.50792        -7.40589
        10.9966         -6.4265        -6.01555         -5.6325        -7.86675
        11.0283        -6.51183        -6.09405        -5.70423        -8.36103
