#logMs log_phi_original_neg_systematic log_phi_original log_phi_original_post_systematic log_phi_deconvolved
        7.03172        -1.82402        -1.76052        -1.69713        -1.86663
        7.06344        -1.80325        -1.73974        -1.67636         -1.8298
        7.09516        -1.77631        -1.71279        -1.64941        -1.78995
        7.12687        -1.74456        -1.68104        -1.61765        -1.74695
        7.15859        -1.70938        -1.64586        -1.58247        -1.70126
        7.19031        -1.67214        -1.60861        -1.54522        -1.65386
        7.22203         -1.6342        -1.57068        -1.50728        -1.60606
        7.25375        -1.59694        -1.53342        -1.47002        -1.55928
        7.28547        -1.56173         -1.4982         -1.4348        -1.51485
        7.31719        -1.52977        -1.46623        -1.40282        -1.47387
        7.34891        -1.50117        -1.43762        -1.37421        -1.43707
        7.38063        -1.47565         -1.4121        -1.34868        -1.40481
        7.41234        -1.45293        -1.38937        -1.32595        -1.37708
        7.44406        -1.43272        -1.36915        -1.30573        -1.35356
        7.47578        -1.41474        -1.35116        -1.28773        -1.33375
         7.5075        -1.39869        -1.33511        -1.27167        -1.31702
        7.53922        -1.38431        -1.32071        -1.25726        -1.30272
        7.57094        -1.37129        -1.30769        -1.24422        -1.29029
        7.60266        -1.35938        -1.29576        -1.23229        -1.27927
        7.63438        -1.34855        -1.28492        -1.22143        -1.26937
        7.66609         -1.3389        -1.27525        -1.21175        -1.26044
        7.69781        -1.33052        -1.26686        -1.20335        -1.25248
        7.72953        -1.32354        -1.25986        -1.19632        -1.24562
        7.76125        -1.31803        -1.25433        -1.19078        -1.24004
        7.79297        -1.31412        -1.25039        -1.18683        -1.23599
        7.82469        -1.31189        -1.24814        -1.18455        -1.23366
        7.85641        -1.31146        -1.24768        -1.18407        -1.23326
        7.88812        -1.31291        -1.24911        -1.18547        -1.23487
        7.91984         -1.3162        -1.25237        -1.18871        -1.23853
        7.95156        -1.32118        -1.25731        -1.19362        -1.24419
        7.98328        -1.32767        -1.26377        -1.20004        -1.25171
          8.015         -1.3355        -1.27157         -1.2078         -1.2609
        8.04672        -1.34453        -1.28055        -1.21675        -1.27152
        8.07844        -1.35457        -1.29055        -1.22671        -1.28332
        8.11016        -1.36547         -1.3014        -1.23752        -1.29603
        8.14188        -1.37706        -1.31295        -1.24902        -1.30942
        8.17359        -1.38917        -1.32501        -1.26104        -1.32327
        8.20531         -1.4017        -1.33749        -1.27348         -1.3374
        8.23703         -1.4146        -1.35034        -1.28628         -1.3517
        8.26875        -1.42783        -1.36352        -1.29941        -1.36606
        8.30047        -1.44134        -1.37698        -1.31281        -1.38042
        8.33219         -1.4551        -1.39068        -1.32646        -1.39475
        8.36391        -1.46905        -1.40458        -1.34031        -1.40904
        8.39563        -1.48316        -1.41864        -1.35432        -1.42329
        8.42734        -1.49739        -1.43281        -1.36843        -1.43751
        8.45906        -1.51169        -1.44706        -1.38263        -1.45171
        8.49078        -1.52604        -1.46136        -1.39687        -1.46592
         8.5225        -1.54045        -1.47572        -1.41117        -1.48015
        8.55422        -1.55493        -1.49014        -1.42554        -1.49442
        8.58594        -1.56949        -1.50466           -1.44        -1.50877
        8.61766        -1.58415        -1.51927        -1.45455        -1.52321
        8.64937        -1.59892        -1.53398        -1.46922        -1.53777
        8.68109        -1.61381        -1.54883        -1.48401        -1.55247
        8.71281        -1.62883         -1.5638        -1.49893        -1.56733
        8.74453        -1.64399        -1.57893          -1.514        -1.58237
        8.77625        -1.65932        -1.59421        -1.52924        -1.59761
        8.80797        -1.67482        -1.60967        -1.54465        -1.61305
        8.83969         -1.6905        -1.62531        -1.56024        -1.62871
        8.87141        -1.70637        -1.64115        -1.57603        -1.64459
        8.90312        -1.72246         -1.6572        -1.59203        -1.66071
        8.93484        -1.73877        -1.67347        -1.60825        -1.67707
        8.96656        -1.75531        -1.68997        -1.62471        -1.69368
        8.99828         -1.7721        -1.70672        -1.64141        -1.71054
           9.03        -1.78916        -1.72372        -1.65836        -1.72768
        9.06172        -1.80648        -1.74099        -1.67558        -1.74508
        9.09344         -1.8241        -1.75855        -1.69309        -1.76277
        9.12516        -1.84204        -1.77641        -1.71089        -1.78074
        9.15688         -1.8603        -1.79459        -1.72899        -1.79901
        9.18859        -1.87891        -1.81309        -1.74742        -1.81758
        9.22031        -1.89789        -1.83195        -1.76619        -1.83647
        9.25203        -1.91726        -1.85117         -1.7853        -1.85571
        9.28375        -1.93704        -1.87077        -1.80477        -1.87531
        9.31547        -1.95725        -1.89076        -1.82462        -1.89531
        9.34719        -1.97791        -1.91116        -1.84487        -1.91577
        9.37891        -1.99908        -1.93203        -1.86554        -1.93674
        9.41063        -2.02082        -1.95342        -1.88669        -1.95828
        9.44234        -2.04322        -1.97539        -1.90838        -1.98047
        9.47406        -2.06633        -1.99799        -1.93064        -2.00339
        9.50578        -2.09022        -2.02128        -1.95352         -2.0271
         9.5375        -2.11497        -2.04533        -1.97708        -2.05167
        9.56922        -2.14065        -2.07019        -2.00136        -2.07714
        9.60094        -2.16731        -2.09591        -2.02641        -2.10356
        9.63266        -2.19504        -2.12255        -2.05228        -2.13092
        9.66438        -2.22388        -2.15016        -2.07899        -2.15921
        9.69609        -2.25386        -2.17874        -2.10655        -2.18841
        9.72781        -2.28501        -2.20832        -2.13497        -2.21849
        9.75953        -2.31736        -2.23892        -2.16426        -2.24943
        9.79125        -2.35096        -2.27057        -2.19443        -2.28124
        9.82297        -2.38583        -2.30328        -2.22549          -2.314
        9.85469        -2.42201        -2.33707        -2.25744        -2.34784
        9.88641        -2.45954        -2.37198        -2.29031        -2.38302
        9.91813        -2.49845        -2.40802        -2.32411        -2.41988
        9.94984        -2.53899        -2.44543        -2.35905        -2.45888
        9.98156        -2.58158         -2.4846        -2.39548        -2.50057
        10.0133        -2.62663        -2.52591        -2.43377        -2.54554
         10.045        -2.67457        -2.56976        -2.47428        -2.59441
        10.0767         -2.7258        -2.61654        -2.51737        -2.64769
        10.1084        -2.78075        -2.66663        -2.56341        -2.70581
        10.1402        -2.83983        -2.72044        -2.61276        -2.76895
        10.1719        -2.90346        -2.77835        -2.66579        -2.83704
        10.2036        -2.97204        -2.84075        -2.72284        -2.90974
        10.2353        -3.04548        -2.90753        -2.78382        -2.98638
         10.267        -3.12306        -2.97802        -2.84811        -3.06607
        10.2987        -3.20405        -3.05154        -2.91505        -3.14778
        10.3305         -3.2877        -3.12738        -2.98398        -3.23059
        10.3622        -3.37326        -3.20484        -3.05426        -3.31383
        10.3939           -3.46        -3.28322        -3.12521        -3.39741
        10.4256        -3.54716        -3.36183        -3.19619        -3.48201
        10.4573        -3.63402        -3.43997        -3.26654        -3.56924
        10.4891        -3.71985        -3.51695        -3.33562         -3.6617
        10.5208        -3.80542        -3.59353        -3.40417        -3.76284
        10.5525        -3.89421        -3.67303        -3.47532        -3.87682
        10.5842        -3.98995        -3.75903        -3.55248        -4.00816
        10.6159        -4.09637         -3.8551        -3.63905        -4.16143
        10.6477         -4.2172        -3.96479        -3.73841        -4.34088
        10.6794        -4.35618        -4.09171        -3.85398        -4.55013
        10.7111        -4.51703         -4.2394        -3.98913         -4.7919
        10.7428         -4.7035        -4.41145        -4.14727        -5.06785
        10.7745         -4.9193        -4.61141        -4.33178        -5.37841
        10.8063        -5.16398         -4.8389        -4.54232          -5.723
         10.838        -5.42608        -5.08308        -4.76871        -6.10015
        10.8697        -5.69239        -5.33146        -4.99922        -6.50818
        10.9014        -5.94968        -5.57153        -5.22207        -6.94574
        10.9331        -6.18473        -5.79078         -5.4255        -7.41265
        10.9648        -6.38431         -5.9767        -5.59777        -7.91048
        10.9966        -6.53521        -6.11681        -5.72713        -8.44281
        11.0283        -6.62419        -6.19858        -5.80181        -9.01511
