#logMs log_phi_original_neg_systematic log_phi_original log_phi_original_post_systematic log_phi_deconvolved
        7.04531        -1.10193        -1.03872       -0.975596        -1.03287
        7.09062        -1.11757        -1.05433       -0.991186        -1.04918
        7.13594        -1.13684        -1.07358         -1.0104        -1.06903
        7.18125        -1.15857        -1.09526        -1.03206        -1.09142
        7.22656        -1.18155        -1.11821        -1.05498        -1.11506
        7.27187         -1.2046        -1.14122        -1.07795        -1.13915
        7.31719        -1.22659        -1.16316        -1.09986        -1.16257
         7.3625        -1.24719        -1.18371        -1.12038        -1.18442
        7.40781         -1.2667        -1.20318        -1.13981        -1.20494
        7.45312        -1.28545        -1.22188        -1.15847        -1.22445
        7.49844        -1.30376        -1.24014        -1.17668        -1.24291
        7.54375        -1.32193        -1.25826        -1.19476        -1.26094
        7.58906        -1.34031        -1.27658        -1.21303        -1.27931
        7.63438        -1.35908        -1.29529        -1.23169        -1.29782
        7.67969         -1.3782        -1.31435        -1.25069        -1.31643
          7.725        -1.39759        -1.33367        -1.26996        -1.33561
        7.77031        -1.41716        -1.35316        -1.28939        -1.35518
        7.81563        -1.43682        -1.37275        -1.30892        -1.37461
        7.86094        -1.45649        -1.39235        -1.32845        -1.39414
        7.90625         -1.4761        -1.41188        -1.34791        -1.41392
        7.95156        -1.49564        -1.43133        -1.36729        -1.43342
        7.99687        -1.51513        -1.45074        -1.38662        -1.45272
        8.04219         -1.5346        -1.47012        -1.40592        -1.47227
         8.0875        -1.55407         -1.4895        -1.42522        -1.49175
        8.13281        -1.57356        -1.50889        -1.44453        -1.51097
        8.17813         -1.5931        -1.52834        -1.46388        -1.53042
        8.22344         -1.6127        -1.54784        -1.48329        -1.55008
        8.26875        -1.63235        -1.56739        -1.50275         -1.5695
        8.31406        -1.65205        -1.58698        -1.52225        -1.58898
        8.35938        -1.67178        -1.60662        -1.54179         -1.6088
        8.40469        -1.69155        -1.62629        -1.56136        -1.62848
           8.45        -1.71134        -1.64599        -1.58096        -1.64801
        8.49531        -1.73115        -1.66571        -1.60058        -1.66785
        8.54062        -1.75098        -1.68545        -1.62022        -1.68773
        8.58594        -1.77082        -1.70522        -1.63989        -1.70733
        8.63125        -1.79067        -1.72501        -1.65959        -1.72711
        8.67656        -1.81053        -1.74482        -1.67931        -1.74712
        8.72188        -1.83039        -1.76464        -1.69906        -1.76688
        8.76719        -1.85025        -1.78449        -1.71885        -1.78661
         8.8125         -1.8701        -1.80436        -1.73865        -1.80665
        8.85781        -1.88993        -1.82423        -1.75848        -1.82657
        8.90312        -1.90972        -1.84409        -1.77833        -1.84627
        8.94844        -1.92946        -1.86394        -1.79819        -1.86622
        8.99375        -1.94912        -1.88378        -1.81806        -1.88622
        9.03906        -1.96871        -1.90358        -1.83793        -1.90589
        9.08438        -1.98819        -1.92334        -1.85779        -1.92562
        9.12969        -2.00754        -1.94304        -1.87764        -1.94553
          9.175        -2.02673        -1.96265        -1.89745        -1.96511
        9.22031        -2.04572        -1.98216        -1.91722         -1.9845
        9.26562         -2.0645        -2.00154        -1.93693        -2.00406
        9.31094        -2.08302        -2.02077        -1.95656        -2.02339
        9.35625        -2.10126        -2.03983        -1.97611        -2.04228
        9.40156        -2.11919        -2.05869        -1.99554         -2.0612
        9.44687        -2.13677        -2.07731        -2.01483        -2.07999
        9.49219        -2.15397        -2.09565        -2.03395         -2.0982
         9.5375        -2.17076        -2.11368        -2.05287        -2.11614
        9.58281        -2.18711        -2.13136        -2.07155        -2.13398
        9.62813        -2.20298        -2.14866        -2.08997        -2.15123
        9.67344        -2.21839        -2.16555         -2.1081        -2.16791
        9.71875        -2.23338        -2.18202         -2.1259        -2.18444
        9.76406        -2.24803        -2.19808        -2.14334        -2.20048
        9.80937        -2.26237         -2.2137        -2.16039        -2.21576
        9.85469        -2.27648        -2.22889        -2.17702        -2.23075
            9.9        -2.29042        -2.24364        -2.19318        -2.24544
        9.94531        -2.30427        -2.25796        -2.20887        -2.25943
        9.99063         -2.3183          -2.272        -2.22412        -2.27312
        10.0359        -2.33279        -2.28591        -2.23898         -2.2869
        10.0813        -2.34803        -2.29984        -2.25351        -2.30044
        10.1266        -2.36432        -2.31396        -2.26777        -2.31392
        10.1719        -2.38193        -2.32843        -2.28179        -2.32802
        10.2172        -2.40118        -2.34341        -2.29566         -2.3427
        10.2625        -2.42245        -2.35919        -2.30954        -2.35797
        10.3078        -2.44621        -2.37619        -2.32372        -2.37467
        10.3531        -2.47294        -2.39481        -2.33848        -2.39324
        10.3984         -2.5031        -2.41545         -2.3541        -2.41362
        10.4438        -2.53718        -2.43851        -2.37085        -2.43648
        10.4891        -2.57564        -2.46441        -2.38903        -2.46269
        10.5344         -2.6189        -2.49354        -2.40896        -2.49228
        10.5797        -2.66723        -2.52636         -2.4311        -2.52554
         10.625        -2.72091         -2.5633        -2.45593        -2.56351
        10.6703        -2.78021         -2.6048        -2.48391        -2.60659
        10.7156        -2.84538         -2.6513        -2.51553         -2.6547
        10.7609        -2.91671        -2.70324        -2.55125         -2.7086
        10.8062         -2.9944        -2.76104        -2.59153        -2.76897
        10.8516        -3.07836         -2.8248         -2.6367        -2.83554
        10.8969        -3.16833        -2.89453        -2.68703        -2.90825
        10.9422        -3.26407        -2.97024         -2.7428        -2.98767
        10.9875        -3.36532        -3.05191        -2.80427         -3.0737
        11.0328        -3.47183        -3.13956        -2.87171        -3.16581
        11.0781        -3.58336        -3.23317         -2.9454        -3.26411
        11.1234        -3.69966        -3.33262         -3.0254        -3.36875
        11.1688        -3.82052        -3.43763        -3.11154        -3.47913
        11.2141        -3.94573        -3.54787        -3.20361        -3.59478
        11.2594        -4.07508        -3.66307        -3.30143        -3.71571
        11.3047        -4.20836        -3.78291        -3.40479        -3.84156
          11.35        -4.34535        -3.90709        -3.51349        -3.97169
        11.3953        -4.48587        -4.03534        -3.62732        -4.10589
        11.4406        -4.62988        -4.16746        -3.74592        -4.24405
        11.4859        -4.77738        -4.30325        -3.86891        -4.38576
        11.5312        -4.92837        -4.44255        -3.99592        -4.53076
        11.5766        -5.08283        -4.58518        -4.12657        -4.67905
        11.6219        -5.24078        -4.73095        -4.26048        -4.83058
        11.6672        -5.40219         -4.8797        -4.39731        -4.98527
        11.7125        -5.56712        -5.03167        -4.53722        -5.14338
        11.7578        -5.73562        -5.18736        -4.68077        -5.30534
        11.8031        -5.90776        -5.34729        -4.82852        -5.47158
        11.8484        -6.08361        -5.51198        -4.98103        -5.64255
        11.8938        -6.26323        -5.68196        -5.13886        -5.81861
        11.9391        -6.44669        -5.85773        -5.30257        -5.99963
        11.9844         -6.6333        -6.03892          -5.472        -6.18479
        12.0297        -6.82068        -6.22318        -5.64532        -6.37255
         12.075        -7.00626        -6.40787         -5.8205        -6.56071
        12.1203        -7.18743        -6.59036        -5.99549        -6.74652
        12.1656        -7.36161        -6.76802        -6.16825        -6.92718
        12.2109         -7.5262        -6.93823        -6.33676          -7.101
        12.2563        -7.67946        -7.09912        -6.49959        -7.26828
        12.3016         -7.8259        -7.25451        -6.66004        -7.43123
        12.3469        -7.97283        -7.41075        -6.82345        -7.59388
        12.3922         -8.1276        -7.57423        -6.99522        -7.76197
        12.4375        -8.29752        -7.75132        -7.18073        -7.94152
        12.4828        -8.48993        -7.94839        -7.38536        -8.13653
        12.5281        -8.71182        -8.17149        -7.61419        -8.34698
        12.5734         -8.9566        -8.41431        -7.86071         -8.5684
        12.6187        -9.20009        -8.65445        -8.10334         -8.7948
        12.6641        -9.41692        -8.86844        -8.31952        -9.02464
        12.7094        -9.58172        -9.03281        -8.48665        -9.26614
        12.7547        -9.66913        -9.12407        -8.58216        -9.53763
