#logMs log_phi_original_neg_systematic log_phi_original log_phi_original_post_systematic log_phi_deconvolved
        7.04531        -3.84442        -3.87942        -3.91453        -3.88443
        7.09062        -3.83583        -3.87079        -3.90587        -3.87475
        7.13594        -3.82522        -3.86013        -3.89517        -3.86385
        7.18125        -3.81326        -3.84812        -3.88312         -3.8514
        7.22656        -3.80061        -3.83542        -3.87038        -3.83814
        7.27187        -3.78795         -3.8227        -3.85762        -3.82517
        7.31719        -3.77592        -3.81061        -3.84547        -3.81262
         7.3625        -3.76468        -3.79931        -3.83413         -3.8005
        7.40781        -3.75409        -3.78866        -3.82342        -3.78936
        7.45312        -3.74396        -3.77845        -3.81316        -3.77905
        7.49844         -3.7341        -3.76853        -3.80318        -3.76887
        7.54375        -3.72435        -3.75871         -3.7933        -3.75887
        7.58906        -3.71453        -3.74881        -3.78334        -3.74917
        7.63438        -3.70452        -3.73872        -3.77318        -3.73919
        7.67969        -3.69436        -3.72847        -3.76285        -3.72887
          7.725        -3.68408         -3.7181        -3.75241        -3.71868
        7.77031        -3.67375        -3.70767         -3.7419        -3.70842
        7.81563        -3.66341        -3.69723        -3.73137        -3.69781
        7.86094        -3.65312        -3.68683        -3.72088        -3.68738
        7.90625         -3.6429        -3.67651        -3.71046        -3.67722
        7.95156        -3.63278        -3.66627        -3.70012        -3.66685
        7.99687        -3.62274        -3.65611        -3.68986        -3.65652
        8.04219        -3.61276        -3.64601        -3.67965        -3.64657
         8.0875        -3.60285        -3.63596        -3.66949        -3.63655
        8.13281        -3.59297        -3.62596        -3.65936        -3.62634
        8.17813        -3.58313        -3.61598        -3.64926        -3.61643
        8.22344        -3.57332        -3.60603        -3.63918        -3.60663
        8.26875        -3.56354         -3.5961        -3.62913        -3.59655
        8.31406        -3.55379        -3.58621         -3.6191         -3.5866
        8.35938        -3.54408        -3.57636        -3.60911        -3.57694
        8.40469         -3.5344        -3.56654        -3.59915        -3.56707
           8.45        -3.52478        -3.55677        -3.58924        -3.55714
        8.49531        -3.51519        -3.54705        -3.57938        -3.54756
        8.54062        -3.50565        -3.53738        -3.56956        -3.53796
        8.58594        -3.49614        -3.52775        -3.55979        -3.52814
        8.63125        -3.48666        -3.51816        -3.55006        -3.51859
        8.67656         -3.4772        -3.50861        -3.54038        -3.50922
        8.72188        -3.46776        -3.49909        -3.53074        -3.49958
        8.76719        -3.45833        -3.48961        -3.52114        -3.49002
         8.8125         -3.4489        -3.48015        -3.51158        -3.48076
        8.85781        -3.43944         -3.4707        -3.50205        -3.47132
        8.90312        -3.42996        -3.46126        -3.49255        -3.46174
        8.94844        -3.42041        -3.45182        -3.48308        -3.45246
        8.99375         -3.4108        -3.44237        -3.47362        -3.44316
        9.03906        -3.40111        -3.43289        -3.46418        -3.43355
        9.08438         -3.3913        -3.42338        -3.45475         -3.4241
        9.12969        -3.38135         -3.4138        -3.44531        -3.41477
          9.175        -3.37121        -3.40414        -3.43585        -3.40508
        9.22031        -3.36084        -3.39436        -3.42634        -3.39528
        9.26562        -3.35022        -3.38444        -3.41677        -3.38565
        9.31094        -3.33928        -3.37436        -3.40714         -3.3757
        9.35625        -3.32801        -3.36407         -3.3974        -3.36535
        9.40156        -3.31634        -3.35355        -3.38755        -3.35505
        9.44687        -3.30422        -3.34273        -3.37753        -3.34451
        9.49219        -3.29159        -3.33157         -3.3673        -3.33334
         9.5375         -3.2784        -3.32002        -3.35684        -3.32192
        9.58281         -3.2646        -3.30803         -3.3461        -3.31028
        9.62813        -3.25012        -3.29554        -3.33505        -3.29789
        9.67344        -3.23495        -3.28252        -3.32363         -3.2849
        9.71875        -3.21907        -3.26891         -3.3118        -3.27161
        9.76406        -3.20251        -3.25468        -3.29949        -3.25754
        9.80937        -3.18526        -3.23978        -3.28666        -3.24254
        9.85469        -3.16733        -3.22417        -3.27324        -3.22704
            9.9        -3.14874        -3.20782        -3.25919        -3.21083
        9.94531         -3.1295        -3.19069        -3.24444        -3.19355
        9.99063        -3.10981        -3.17286          -3.229        -3.17561
        10.0359        -3.08986        -3.15441        -3.21288        -3.15719
        10.0813        -3.06986        -3.13544        -3.19606        -3.13786
        10.1266           -3.05        -3.11602        -3.17855        -3.11788
        10.1719         -3.0305        -3.09625        -3.16036        -3.09773
        10.2172        -3.01156        -3.07622        -3.14149        -3.07719
        10.2625        -2.99351        -3.05615        -3.12206        -3.05632
        10.3078        -2.97678        -3.03636        -3.10226        -3.03588
        10.3531        -2.96179        -3.01718        -3.08228        -3.01602
        10.3984        -2.94896        -2.99891        -3.06232        -2.99665
        10.4438        -2.93872        -2.98188        -3.04257        -2.97853
        10.4891        -2.93149        -2.96641        -3.02323        -2.96224
        10.5344        -2.92769        -2.95285        -3.00456        -2.94769
        10.5797         -2.9277        -2.94166        -2.98695        -2.93544
         10.625        -2.93191        -2.93331        -2.97083        -2.92646
        10.6703         -2.9407        -2.92825        -2.95662         -2.9209
        10.7156        -2.95447        -2.92695        -2.94475        -2.91894
        10.7609         -2.9736        -2.92988        -2.93562         -2.9216
        10.8062        -2.99844        -2.93747        -2.92966        -2.92936
        10.8516        -3.02907        -2.94999        -2.92727        -2.94196
        10.8969        -3.06545        -2.96764        -2.92884         -2.9599
        10.9422        -3.10754         -2.9906        -2.93474        -2.98392
        10.9875         -3.1553        -3.01907        -2.94536         -3.0138
        11.0328        -3.20869        -3.05324         -2.9611        -3.04937
        11.0781        -3.26766        -3.09331        -2.98234        -3.09131
        11.1234        -3.33215        -3.13931        -3.00929        -3.13972
        11.1688        -3.40201        -3.19112        -3.04199        -3.19396
        11.2141        -3.47712         -3.2486        -3.08043        -3.25409
        11.2594        -3.55734        -3.31162        -3.12464        -3.32043
        11.3047        -3.64255        -3.38004        -3.17461        -3.39245
          11.35        -3.73261        -3.45371        -3.23035        -3.46967
        11.3953         -3.8274         -3.5325        -3.29183        -3.55237
        11.4406        -3.92689        -3.61626        -3.35882        -3.64043
        11.4859        -4.03105        -3.70484        -3.43107        -3.73323
        11.5312        -4.13986         -3.7981        -3.50829        -3.83074
        11.5766        -4.25328        -3.89589        -3.59024        -3.93317
        11.6219         -4.3713        -3.99805        -3.67663        -4.04016
        11.6672        -4.49389        -4.10447        -3.76723        -4.15156
        11.7125        -4.62098        -4.21529        -3.86219        -4.26782
        11.7578        -4.75249        -4.33089        -3.96196        -4.38921
        11.8031        -4.88834        -4.45164        -4.06698         -4.5158
        11.8484        -5.02843        -4.57792        -4.17771        -4.64804
        11.8938        -5.17268        -4.71009         -4.2946         -4.7863
        11.9391          -5.321        -4.84854         -4.4181        -4.93011
        11.9844        -5.47266        -4.99285        -4.54802        -5.07854
        12.0297        -5.62555        -5.14086         -4.6827        -5.23033
         12.075        -5.77735        -5.29019         -4.8203         -5.3834
        12.1203        -5.92575        -5.43843        -4.95896          -5.535
        12.1656        -6.06843        -5.58318        -5.09684        -5.68258
        12.2109        -6.20309        -5.72207         -5.2321         -5.8247
        12.2563        -6.32812        -5.85335        -5.36342        -5.96144
        12.3016        -6.44724        -5.98009         -5.4934        -6.09465
        12.3469        -6.56654        -6.10752        -5.62639         -6.2279
        12.3922        -6.69212         -6.2409        -5.76677        -6.36596
        12.4375        -6.83008        -6.38547        -5.91891        -6.51385
        12.4828        -6.98653        -6.54649        -6.08716        -6.67477
        12.5281        -7.16727        -6.72893        -6.27565        -6.84797
        12.5734        -7.36694        -6.92755        -6.47881        -7.02876
        12.6187        -7.56563        -7.12384         -6.6785        -7.21236
        12.6641        -7.74247        -7.29841        -6.85573        -7.39991
        12.7094        -7.87659        -7.43183        -6.99151        -7.60279
        12.7547         -7.9471        -7.50472        -7.06686        -7.84232
