#logMs log_phi_original_neg_systematic log_phi_original log_phi_original_post_systematic log_phi_deconvolved
        7.04531        -1.10113        -1.03808       -0.975087        -1.03224
        7.09062        -1.11671        -1.05365       -0.990643        -1.04851
        7.13594        -1.13593        -1.07285        -1.00982        -1.06831
        7.18125        -1.15759        -1.09448        -1.03144        -1.09065
        7.22656        -1.18049        -1.11736         -1.0543        -1.11422
        7.27187        -1.20347        -1.14031        -1.07723        -1.13825
        7.31719        -1.22537        -1.16219        -1.09908         -1.1616
         7.3625        -1.24588        -1.18267        -1.11954        -1.18337
        7.40781         -1.2653        -1.20207        -1.13892        -1.20382
        7.45312        -1.28395        -1.22069        -1.15751        -1.22326
        7.49844        -1.30215        -1.23886        -1.17566        -1.24162
        7.54375        -1.32022         -1.2569        -1.19367        -1.25957
        7.58906        -1.33848        -1.27512        -1.21186        -1.27784
        7.63438        -1.35712        -1.29373        -1.23044        -1.29625
        7.67969        -1.37611        -1.31267        -1.24936        -1.31475
          7.725        -1.39534        -1.33188        -1.26853        -1.33381
        7.77031        -1.41475        -1.35125        -1.28786        -1.35326
        7.81563        -1.43425         -1.3707        -1.30728        -1.37255
        7.86094        -1.45374        -1.39015        -1.32669        -1.39194
        7.90625        -1.47316        -1.40953        -1.34603        -1.41156
        7.95156        -1.49249        -1.42882        -1.36528        -1.43089
        7.99687        -1.51176        -1.44804        -1.38447        -1.45002
        8.04219        -1.53099        -1.46723        -1.40362        -1.46937
         8.0875        -1.55021        -1.48641        -1.42275        -1.48865
        8.13281        -1.56943        -1.50559        -1.44189        -1.50765
        8.17813        -1.58868         -1.5248        -1.46106        -1.52687
        8.22344        -1.60797        -1.54405        -1.48027        -1.54628
        8.26875        -1.62729        -1.56334        -1.49951        -1.56544
        8.31406        -1.64663        -1.58265        -1.51879        -1.58464
        8.35938        -1.66599        -1.60199        -1.53808        -1.60415
        8.40469        -1.68536        -1.62133        -1.55739        -1.62351
           8.45        -1.70472        -1.64069        -1.57671        -1.64269
        8.49531        -1.72407        -1.66004        -1.59604        -1.66215
        8.54062        -1.74341        -1.67939        -1.61537        -1.68164
        8.58594        -1.76272        -1.69873         -1.6347        -1.70082
        8.63125        -1.78201        -1.71807        -1.65404        -1.72015
        8.67656        -1.80127         -1.7374        -1.67337        -1.73967
        8.72188        -1.82049        -1.75671        -1.69271        -1.75891
        8.76719        -1.83967        -1.77601        -1.71205        -1.77809
         8.8125         -1.8588        -1.79529        -1.73139        -1.79755
        8.85781        -1.87785        -1.81453        -1.75072        -1.81684
        8.90312        -1.89681        -1.83373        -1.77003        -1.83587
        8.94844        -1.91566        -1.85287        -1.78931         -1.8551
        8.99375        -1.93438        -1.87194        -1.80856        -1.87434
        9.03906        -1.95295        -1.89093        -1.82778        -1.89319
        9.08438        -1.97135        -1.90982        -1.84694        -1.91205
        9.12969        -1.98955        -1.92859        -1.86604        -1.93103
          9.175        -2.00751        -1.94722        -1.88506        -1.94963
        9.22031         -2.0252        -1.96567        -1.90398        -1.96795
        9.26562        -2.04257        -1.98392        -1.92278        -1.98638
        9.31094        -2.05959        -2.00195        -1.94144        -2.00451
        9.35625        -2.07623        -2.01972        -1.95995        -2.02212
        9.40156        -2.09245        -2.03721        -1.97828        -2.03967
        9.44687         -2.1082        -2.05436        -1.99639        -2.05699
        9.49219        -2.12344        -2.07113        -2.01425        -2.07364
         9.5375        -2.13812        -2.08748        -2.03182        -2.08991
        9.58281        -2.15222        -2.10337        -2.04906        -2.10598
        9.62813        -2.16567        -2.11875        -2.06595        -2.12131
        9.67344        -2.17848        -2.13358        -2.08244        -2.13596
        9.71875        -2.19068        -2.14785        -2.09848         -2.1503
        9.76406         -2.2023        -2.16154        -2.11404        -2.16399
        9.80937        -2.21338        -2.17462        -2.12908        -2.17675
        9.85469        -2.22395        -2.18706        -2.14354        -2.18904
            9.9        -2.23406        -2.19886        -2.15739        -2.20081
        9.94531        -2.24376        -2.21001         -2.1706        -2.21164
        9.99063        -2.25326        -2.22061        -2.18317        -2.22193
        10.0359        -2.26279        -2.23079        -2.19516        -2.23201
        10.0813        -2.27259        -2.24066        -2.20658         -2.2415
        10.1266        -2.28289        -2.25035        -2.21746        -2.25059
        10.1719        -2.29393        -2.25999        -2.22784        -2.25987
        10.2172        -2.30594        -2.26969        -2.23776        -2.26926
        10.2625        -2.31922        -2.27971        -2.24736         -2.2787
        10.3078        -2.33412        -2.29035        -2.25685        -2.28896
        10.3531        -2.35101        -2.30194        -2.26647        -2.30036
        10.3984        -2.37022        -2.31479        -2.27645        -2.31275
        10.4438        -2.39212        -2.32922          -2.287        -2.32675
        10.4891        -2.41706        -2.34556        -2.29836        -2.34308
        10.5344        -2.44533        -2.36411        -2.31079        -2.36159
        10.5797        -2.47713        -2.38519        -2.32463        -2.38254
         10.625        -2.51264        -2.40911        -2.34024        -2.40679
        10.6703        -2.55204        -2.43617        -2.35796        -2.43451
        10.7156         -2.5955        -2.46667        -2.37817        -2.46556
        10.7609        -2.64321        -2.50093        -2.40121        -2.50063
        10.8062         -2.6953        -2.53923        -2.42742         -2.5402
        10.8516        -2.75178        -2.58166        -2.45704         -2.5839
        10.8969        -2.81254        -2.62826        -2.49024         -2.6318
        10.9422        -2.87748        -2.67903        -2.52719        -2.68446
        10.9875        -2.94651          -2.734        -2.56809        -2.74166
        11.0328        -3.01953        -2.79319        -2.61311        -2.80299
        11.0781        -3.09644        -2.85661        -2.66241        -2.86883
        11.1234        -3.17719        -2.92425         -2.7161        -2.93931
        11.1688        -3.26175        -2.99601         -2.7741        -3.01389
        11.2141        -3.35011        -3.07183        -2.83637        -3.09252
        11.2594        -3.44225         -3.1516        -2.90285        -3.17554
        11.3047        -3.53816        -3.23526        -2.97349         -3.2626
          11.35        -3.63781        -3.32272        -3.04822        -3.35333
        11.3953        -3.74121        -3.41389        -3.12697          -3.448
        11.4406        -3.84839        -3.50875         -3.2096        -3.54663
        11.4859        -3.95943        -3.60725        -3.29597        -3.64881
        11.5312        -4.07439        -3.70938        -3.38593        -3.75459
        11.5766        -4.19331        -3.81508        -3.47932        -3.86426
        11.6219        -4.31628        -3.92434          -3.576        -3.97766
        11.6672        -4.44333        -4.03713        -3.67583        -4.09475
        11.7125        -4.57447        -4.15369        -3.77906        -4.21605
        11.7578        -4.70964        -4.27444        -3.88622        -4.34191
        11.8031         -4.8488        -4.39982        -3.99784         -4.4725
        11.8484        -4.99189        -4.53024        -4.11446        -4.60831
        11.8938        -5.13885        -4.66614        -4.23661        -4.74974
        11.9391        -5.28962        -4.80795        -4.36481        -4.89638
        11.9844        -5.44353         -4.9553        -4.49896        -5.04738
        12.0297        -5.59848        -5.10608        -4.63746        -5.20148
         12.075        -5.75217        -5.25794        -4.77851        -5.35666
        12.1203        -5.90233        -5.40851        -4.92034         -5.5102
        12.1656        -6.04666        -5.55544        -5.06115        -5.65963
        12.2109        -6.18288        -5.69639        -5.19917        -5.80349
        12.2563        -6.30942        -5.82963        -5.33313        -5.94187
        12.3016        -6.42997        -5.95824        -5.46558        -6.07663
        12.3469        -6.55059        -6.08738        -5.60084        -6.21125
        12.3922        -6.67733        -6.22227         -5.7432        -6.35051
        12.4375        -6.81628         -6.3681        -5.89697        -6.49936
        12.4828        -6.97349        -6.53008        -6.06644        -6.66098
        12.5281        -7.15474        -6.71314        -6.25567        -6.83463
        12.5734        -7.35471         -6.9121         -6.4592        -7.01575
        12.6187        -7.55365        -7.10867        -6.65916        -7.19967
        12.6641        -7.73086        -7.28367         -6.8369        -7.38763
        12.7094        -7.86562        -7.41791        -6.97371        -7.59109
        12.7547        -7.93723        -7.49221        -7.05093         -7.8313
